nchannels_in=4
srate=48000
fragsize=96

iolib=MHAIOJackdb

# Downsample the signal to 16 kHz for processing, upsample afterwards
mhalib = mhachain
mha.algos=[downsample transducers upsample]

mha.downsample.antialias.B = [0.000490542183491   0.003924337467924   0.013735181137735   0.027470362275469   0.034337952844337   0.027470362275469   0.013735181137735   0.003924337467924   0.000490542183491]
mha.downsample.antialias.A = [1.000000000000000  -2.947708871660219   4.588868643638257  -4.444142898773711   2.888346926665347  -1.265207817896923   0.362141748590697  -0.061425640977999   0.004706709388124]
mha.upsample.antialias.B = [0.000490542183491   0.003924337467924   0.013735181137735   0.027470362275469   0.034337952844337   0.027470362275469   0.013735181137735   0.003924337467924   0.000490542183491]
mha.upsample.antialias.A = [1.000000000000000  -2.947708871660219   4.588868643638257  -4.444142898773711   2.888346926665347  -1.265207817896923   0.362141748590697  -0.061425640977999   0.004706709388124]

mha.downsample.ratio=3
mha.upsample.ratio=3
