# This file is part of the HörTech Open Master Hearing Aid (openMHA)
# Copyright © 2020 HörTech gGmbH
#
# openMHA is free software: you can redistribute it and/or modify
# it under the terms of the GNU Affero General Public License as published by
# the Free Software Foundation, version 3 of the License.
#
# openMHA is distributed in the hope that it will be useful,
# but WITHOUT ANY WARRANTY; without even the implied warranty of
# MERCHANTABILITY or FITNESS FOR A PARTICULAR PURPOSE.  See the
# GNU Affero General Public License, version 3 for more details.
#
# You should have received a copy of the GNU Affero General Public License, 
# version 3 along with openMHA.  If not, see <http://www.gnu.org/licenses/>.

# Binaural beamformer
#
# Rohdenburg, T., Hohmann, V., & Kollmeier, B. (2007,
# October). Robustness analysis of binaural hearing aid beamformer
# algorithms by means of objective perceptual quality measures. In
# Applications of Signal Processing to Audio and Acoustics, 2007 IEEE
# Workshop on (pp. 315-318). IEEE.
#
# Sampling rate: 16000 Hz
#
# Input channel layout:
# front-left front-right mid-left mid-right rear-left rear-right

# chAlgo = [1,2,3,4,5,6];
nchannels_in = 6
fragsize = 512
srate = 16000

mhalib = mhachain

mha.algos = [route overlapadd]
mha.route.out = [:0 :2 :4 :1 :3 :5]
# Audio IO library to use.
iolib = MHAIOFile

mha.overlapadd.plugin_name = rohBeam
mha.overlapadd.fftlen = 2048
mha.overlapadd.wnd.len = 1024
mha.overlapadd.zerownd.type = hanning

# main beamformer settings:
mha.overlapadd.rohBeam.source_azimuth_degrees = -28
mha.overlapadd.rohBeam.mic_azimuth_degrees_vec = [-99.4170 -104.4956 -109.1655   99.4170  104.4956  109.1655]
mha.overlapadd.rohBeam.head_model_sphere_radius_cm = 8.3

# only x-y-plane:
mha.overlapadd.rohBeam.intermic_distance_cm = [...
   [      0    0.7600    1.4900   16.4000   16.4176   16.4675];...
   [ 0.7600         0    0.7300   16.4176   16.4000   16.4162];...
   [ 1.4900    0.7300         0   16.4675   16.4162   16.4000];...
   [16.4000   16.4176   16.4675         0    0.7600    1.4900];...
   [16.4176   16.4000   16.4162    0.7600         0    0.7300];...
   [16.4675   16.4162   16.4000    1.4900    0.7300         0];...
]

mha.overlapadd.rohBeam.noise_field_model = diff2D
mha.overlapadd.rohBeam.prop_type = sampled
mha.overlapadd.rohBeam.sampled_hrir_path = ${MHA_CFG_DIR}/hrir2_0_16k.wav
mha.overlapadd.rohBeam.enable_adaptive_beam = no

# end of beamformer settings
